3 Functions, 10 Time Slots
10 11 12 13 14 15 16 17 18 19
20 21 22 23 24 25 26 27 28 29
30 31 32 33 34 35 36 37 38 39
Optimal: 3,3,3,3,3,3,3,3,3,3 with Reward=300

2 functions, 5 Time Slots: 
3 4 5 9 3
6 7 8 6 5
Optimal: 2,2,2,1,2 with Reward=34


4 Functions, 6 Time Slots
5 8 10 15 15 16
6 9 11 13 13 12
4 7 9 14 20 19
6 6 4 7 8 12
Optimal: [4, 2, 4, 1, 3, 2]
		 [4, 4, 2, 1, 3, 2] with Reward=69


4 Functions, 9 Time Slots
5 8 10 15 15 16 18 20 22
6 9 11 13 13 12 11 10 8
4 7 9 14 20 19 19 18 18
6 6 4 7 8 12 14 22 34
Optimal: [2, 3, 2, 1, 2, 2, 3, 1, 4]
		 [3, 2, 2, 1, 2, 3, 2, 1, 4] with Reward=121


6 Functions, 7 Time Slots
3 5 8 10 12 11 8
5 7 10 15 14 9 7
8 7 3 1 10 20 24
3 4 7 10 12 23 24
7 9 9 9 12 9 7
4 6 8 8 10 8 8
Optimal: [5, 5, 6, 2, 1, 4, 3]
		 [5, 6, 5, 2, 1, 4, 3] with Reward=96



5 Functions, 8 Time Slots
3 5 8 10 12 14 11 8
5 5 7 10 15 14 9 7
8 7 3 1 12 15 20 24
3 4 7 10 12 23 24 2
4 6 8 15 17 10 8 8
Optimal: 3,3,3,5,2,1,4,5 with Reward=107



6 Functions, 12 Time Slots
12 15 20 21 21 26 35 40 41 35 31 25
15 15 14 13 10 20 24 51 53 55 55 60
16 19 24 24 29 32 38 40 45 46 59 67
12 12 11 11 10 10 30 34 76 81 82 82
23 24 24 25 25 26 30 30 34 28 23 12
13 19 25 29 48 49 41 36 30 21 20 11


3 15 24 28 50 78 83 99 126 143 152 152 164 169 180 190 214 226 253 260 276 285 296 311 328 348 370 377 387 398 428 444 462 491 514 521 542 571 587 591
37 58 73 99 118 144 150 173 191 206 221 237 265 271 300 313 323 343 366 383 412 429 450 454 480 499 495 487 484 477 469 467 460 454 448 442 433 424 415 415
27 23 13 8 0 0 7 15 32 41 63 93 122 149 157 162 189 213 213 237 249 269 279 283 307 329 331 336 343 373 384 394 415 444 454 478 482 483 483 505

1 2 7 8 16 32 62 126 256 512 1000
2 4 5 9 19 37 65 124 255 517 1002
3 3 6 10 17 31 61 132 260 510 1005
4 5 6 11 15 35 68 136 254 516 1010

99 199 299 399 499 599 699 801 901 1002
99 199 299 399 499 599 699 801 901 1001
99 199 299 399 499 599 699 800 900 1001